30 8 14
24 14 7 3 13 3
22 14 5 9 1 0
22 14 5 9 3 2
22 14 5 9 10 5
23 14 4 4 21 1
23 14 4 4 22 4
26 14 4 7 11 4
21 14 4 20 16 7 0 0 0
25 14 1 2 4 2
25 14 1 2 8 6
25 14 1 2 12 3
28 14 0 0 24 6
28 14 0 0 20 7
28 14 0 0 3 1
29 14 0 0 13 6
29 14 0 0 14 0
30 14 0 99 18 2
31 14 0 99 8 1
31 14 0 99 4 5
29 13 0 0 14 1
28 12 0 0 24 7
30 12 0 99 29 6
30 11 0 99 18 3
28 10 0 0 23 6
28 10 0 0 19 7
29 10 0 0 16 6
28 9 0 0 23 7
28 9 0 0 18 7
29 8 0 0 14 2
28 8 0 0 25 7
28 8 0 0 22 6
28 7 0 0 20 6
28 7 0 0 21 7
29 7 0 0 13 0
28 7 0 0 19 6
28 7 0 0 17 7
28 7 0 0 25 6
28 6 0 0 24 5
30 6 0 99 17 2
28 6 0 0 22 7
28 6 0 0 26 7
28 6 0 0 21 6
28 6 0 0 18 6
28 6 0 0 17 6
28 6 0 0 25 5
27 5 0 0 12 6
29 5 0 0 15 0
30 5 0 99 18 1
29 5 0 0 14 3
28 5 0 0 20 5
28 5 0 0 23 5
28 5 0 0 3 3
30 5 0 99 17 3
28 4 0 0 2 1
29 4 0 0 15 6
28 4 0 0 22 5
28 4 0 0 19 5
28 4 0 0 26 6
28 4 0 0 21 5
28 4 0 0 18 5
28 4 0 0 17 5
28 4 0 0 25 4
28 4 0 0 23 4
28 4 0 0 3 4
28 3 0 0 3 0
29 3 0 0 16 5
30 3 0 99 16 2
28 3 0 0 26 5
28 3 0 0 20 4
29 3 0 0 14 6
28 3 0 0 18 4
28 3 0 0 3 5
30 2 0 99 19 2
29 2 0 0 15 1
28 2 0 0 24 4
28 2 0 0 19 4
28 2 0 0 20 3
28 2 0 0 22 3
29 1 0 0 13 7
28 1 0 0 27 7
28 1 0 0 27 6
28 1 0 0 17 4
29 1 0 0 15 5
28 1 0 0 19 3
28 1 0 0 20 2
28 0 0 0 4 1
30 0 0 99 29 7
30 0 0 99 17 1
28 0 0 0 21 4
28 0 0 0 25 3
28 0 0 0 23 3
28 0 0 0 2 0
28 0 0 0 26 4
28 0 0 0 20 1
